0 red 766695041 1
1 red 766695166 1
0 red 766695585 1
1 red 766695599 1
0 foo 766696982 0
0 bar 766696993 0
1 foo 766697015 0
1 bar 766697017 0
0 red 766853667 1
1 red 766853674 1
0 red 766854920 1
0 fatfreddy 766854962 0
1 fatfreddy 766854994 0
0 fatfreddy 766855040 0
0 moss 766855047 1
1 moss 766855081 1
1 fatfreddy 766855087 0
1 red 766855625 1
0 serg 766911793 0
1 serg 766911821 0
0 serge 766911871 1
1 serge 766911905 1
0 Dimmen 766917318 1
1 Dimmen 766918239 1
0 red 766951497 1
0 foo 766951506 0
1 red 766951754 1
1 foo 766951759 0
0 foo 767282540 0
0 red 767282554 1
