1281.494505 47860950.007618 116616.000000 91
544.386363 51971229.627798 47906.000000 88
20
DaveS 2723
Cutler 2323
Hermit 2282
jesse 2261
spam 2171
foxbat 2155
jarmo 2067
sms 2067
chloe 2044
Desmodus 2022
casals 1923
jolly 1923
plk 1918
Mika 1902
Len 1805
clp 1800
Trojan 1800
Ratface 1789
michel 1786
forrest 1782
20
Trojan 2200
spam 2200
plk 2152
GYC 2100
blb 1900
Vision 1800
michel 1800
Magne 1752
Norm 1662
broctune 1560
forrest 1439
thebear 1426
Gards 1400
breck 1400
Xenit 1400
Len 1208
ron 1200
red 1200
Pingo 1160
CarpeDiem 1039
66 44
0 0
1 0
2 1
5 8
0 5
7 8
3 6
1 8
2 7
1 4
1 5
0 4
4 3
3 4
0 2
0 0
0 0
0 0
0 2
0 0
0 0
0 0
0 0
0 0
0 0
0 0
0 0
0 0
0 0
